número de nós = 20
número de membros = 38
número de cargas = 3
número de restrições = 4

matriz de nós = 
[[0.      0.038   0.075   0.114   0.152   0.19    0.228   0.266   0.304
  0.342   0.38    0.038   0.076   0.114   0.152   0.19    0.228   0.266
  0.304   0.342  ]
 [0.      0.03006 0.053   0.07045 0.07895 0.08172 0.07895 0.07045 0.053
  0.03006 0.      0.06882 0.10341 0.123   0.14    0.14    0.14    0.12418
  0.10341 0.06882]]

matriz de rigidez = 
[[ 1.00000000e+00  0.00000000e+00  0.00000000e+00 ...  0.00000000e+00
   0.00000000e+00  0.00000000e+00]
 [ 0.00000000e+00  1.00000000e+00  0.00000000e+00 ...  0.00000000e+00
   0.00000000e+00  0.00000000e+00]
 [ 0.00000000e+00  0.00000000e+00  8.02586093e+07 ...  0.00000000e+00
   0.00000000e+00  0.00000000e+00]
 ...
 [ 0.00000000e+00  0.00000000e+00  0.00000000e+00 ...  1.09647779e+08
   2.44125593e+07 -2.22218534e+07]
 [ 0.00000000e+00  0.00000000e+00  0.00000000e+00 ...  2.44125593e+07
   4.17986435e+07 -5.15410610e+07]
 [ 0.00000000e+00  0.00000000e+00  0.00000000e+00 ... -2.22218534e+07
  -5.15410610e+07  1.36368478e+08]]

vetor de carga = 
[[  0.]
 [  0.]
 [  0.]
 [  0.]
 [  0.]
 [  0.]
 [  0.]
 [  0.]
 [  0.]
 [  0.]
 [  0.]
 [  0.]
 [  0.]
 [  0.]
 [  0.]
 [  0.]
 [  0.]
 [  0.]
 [  0.]
 [  0.]
 [  0.]
 [  0.]
 [  0.]
 [  0.]
 [  0.]
 [  0.]
 [  0.]
 [  0.]
 [  0.]
 [-77.]
 [  0.]
 [-77.]
 [  0.]
 [-77.]
 [  0.]
 [  0.]
 [  0.]
 [  0.]
 [  0.]
 [  0.]]

======= Resultados Obtidos =======deslocamentos (método Gauss-Seidel) = 
(array([ 0.00000000e+00,  0.00000000e+00, -4.31730692e-06,  1.08851151e-06,
       -3.80257942e-06, -3.03954388e-06, -1.63754270e-06, -9.90083293e-06,
       -3.00952991e-07, -1.59840555e-05,  1.94487757e-07, -1.78712089e-05,
        7.04107234e-07, -1.57895459e-05,  2.11832995e-06, -9.35925808e-06,
        4.32817041e-06, -2.52279836e-06,  4.99939583e-06,  1.95076629e-06,
        0.00000000e+00,  0.00000000e+00, -4.42651513e-06,  1.30297820e-06,
       -1.77985360e-06, -2.23867433e-06,  6.81770804e-07, -8.66826733e-06,
        1.92363471e-06, -1.50594067e-05,  4.53295806e-08, -1.77918230e-05,
       -1.83297555e-06, -1.48648970e-05, -5.28161365e-07, -8.05780750e-06,
        2.02537139e-06, -1.68698302e-06,  4.95472740e-06,  2.16523298e-06]), 2e-20)

======= Validação de Resultados =======Validação por (Numpy linalg solve) = 
[[ 0.00000000e+00]
 [ 0.00000000e+00]
 [-4.31730692e-06]
 [ 1.08851151e-06]
 [-3.80257942e-06]
 [-3.03954388e-06]
 [-1.63754270e-06]
 [-9.90083293e-06]
 [-3.00952991e-07]
 [-1.59840555e-05]
 [ 1.94487757e-07]
 [-1.78712089e-05]
 [ 7.04107234e-07]
 [-1.57895459e-05]
 [ 2.11832995e-06]
 [-9.35925808e-06]
 [ 4.32817041e-06]
 [-2.52279836e-06]
 [ 4.99939583e-06]
 [ 1.95076629e-06]
 [ 0.00000000e+00]
 [ 0.00000000e+00]
 [-4.42651513e-06]
 [ 1.30297820e-06]
 [-1.77985360e-06]
 [-2.23867433e-06]
 [ 6.81770804e-07]
 [-8.66826733e-06]
 [ 1.92363471e-06]
 [-1.50594067e-05]
 [ 4.53295806e-08]
 [-1.77918230e-05]
 [-1.83297555e-06]
 [-1.48648970e-05]
 [-5.28161365e-07]
 [-8.05780750e-06]
 [ 2.02537139e-06]
 [-1.68698302e-06]
 [ 4.95472740e-06]
 [ 2.16523298e-06]]

Validação por (inversão da matriz de rigidez) = 
[[ 0.00000000e+00]
 [ 0.00000000e+00]
 [-4.31730692e-06]
 [ 1.08851151e-06]
 [-3.80257942e-06]
 [-3.03954388e-06]
 [-1.63754270e-06]
 [-9.90083293e-06]
 [-3.00952991e-07]
 [-1.59840555e-05]
 [ 1.94487757e-07]
 [-1.78712089e-05]
 [ 7.04107234e-07]
 [-1.57895459e-05]
 [ 2.11832995e-06]
 [-9.35925808e-06]
 [ 4.32817041e-06]
 [-2.52279836e-06]
 [ 4.99939583e-06]
 [ 1.95076629e-06]
 [ 0.00000000e+00]
 [ 0.00000000e+00]
 [-4.42651513e-06]
 [ 1.30297820e-06]
 [-1.77985360e-06]
 [-2.23867433e-06]
 [ 6.81770804e-07]
 [-8.66826733e-06]
 [ 1.92363471e-06]
 [-1.50594067e-05]
 [ 4.53295806e-08]
 [-1.77918230e-05]
 [-1.83297555e-06]
 [-1.48648970e-05]
 [-5.28161365e-07]
 [-8.05780750e-06]
 [ 2.02537139e-06]
 [-1.68698302e-06]
 [ 4.95472740e-06]
 [ 2.16523298e-06]]

Tensões nas barras = 
[-11748478.945069665, -8382595.971385556, -4060001.5433707135, -127001.7426311244, 1967288.9205542796, 1967288.9205542784, -127001.74263113123, -4242304.38704238, -8219578.243772616, -11748478.945069656, -1744331.1776632667, -3724181.3637086446, -7447370.752328285, -10380107.275769582, -10380107.275769578, -7201968.066453889, -3951403.3444039, -1744331.1776632695, -1334318.4246674478, -4542851.52825334, -7166392.527181068, -7470759.4929856425, -3947542.713764247, -3947542.7137642424, -7782139.165589018, -6755557.631656217, -4733338.695585779, -2668636.849334895, 1161971.2426058787, 3502072.7302589193, 4925571.353883018, 3180610.143494901, 286051.03671741067, 3180610.1434949124, 5086629.857763636, 3481873.033480382, 1161971.2426058764, -1334318.4246674478]